0.0000000 0.0000000 -50.0000000
-5.0000000 0.0000000 -50.0000000
0.0000000 -5.0000000 -50.0000000

0.0000000 0.0000000 -50.0000000
-10.0000000 0.0000000 -50.0000000
0.0000000 -10.0000000 -50.0000000

-20.0000000 0.0000000 -50.0000000
-30.0000000 0.0000000 -50.0000000
-20.0000000 -10.0000000 -50.0000000

-20.0000000 0.0000000 -50.0000000
-42.3351693 0.0000000 -50.0000000
-20.0000000 -9.9984770 -34.2928342

0.0000000 0.0000000 -50.0000000
-20.0000000 0.0000000 -50.0000000
0.0000000 -20.0000000 -50.0000000

